78.18 16.12 47.73 1.51 15.55 82.75 43.52 54.06 93.66 53.67 7.68 59.87
50.57 53.28 67.71 23.34 33.47 11.85 92.59 70.09 17.71 29.98 73.18 25.42
26.07 35.98 71.20 79.72 97.14 78.45 31.87 56.57 52.39 62.10 50.05
20.07 77.64 28.40 76.74 18.88 42.80 78.03 82.92 62.27 84.20 43.01 81.39
28.08 12.51 51.06 35.54 84.26 31.43 48.39 82.72 30.48 3.86 45.36 44.51
81.81 42.60 92.41 23.12 7.12 35.57 47.07 80.36 11.64 46.78 37.89 13.69 9.97
69.49 24.49 68.77 36.32 31.14 87.22 18.96 83.23 22.87 50.76 5.59 84.94 85.57 22.07
85.75 10.91 64.55 23.28 47.64 80.11 31.95 65.50 10.37 83.89 89.90 57.06 4.81
52.83 91.66 94.33 22.12 94.69 3.66 54.75 77.61 85.59 55.94 96.02 79.97 30.42 12.32
47.55 27.60 83.08 96.66 22.51 98.59 88.98 88.94 80.55 49.13 71.63 4.73 61.05 33.95
3.45 53.36 6.77 48.75 50.69 63.63 29.81 12.17 43.63 83.14 33.34 25.98
95.57 58.56 78.47 38.10 5.54 77.13 20.56 61.64 18.89 99.88 93.32 90.50 8.47
60.42 50.30 84.83 14.58 12.31 27.04 10.86 86.03 48.97 34.82 92.57 41.19 93.35 85.26
99.16 42.73 47.78 22.40 29.89 33.74 36.59 83.50 95.72 78.96 30.77 7.22 59.96
10.66 28.56 56.85 47.06 1.62 80.08 47.18 25.18 77.42 4.90 21.52
88.93 8.26 40.33 8.24 4.61 73.62 21.70 23.97 78.44 41.36
