FC Barcelona:        48  18  15  3   0   48  7   25  9   8   1   0   29  4   23  9   7   2   0   19  3
Atlético de Madrid:  39  18  11  6   1   27  8   18  8   5   3   0   10  3   21  10  6   3   1   17  5
Valencia CF:         37  18  11  4   3   38  18  23  10  7   2   1   21  6   14  8   4   2   2   17  12
Real Madrid:         32  17  9   5   3   32  16  17  9   5   2   2   19  9   15  8   4   3   1   13  7
Sevilla FC:          29  18  9   2   7   23  27  20  9   6   2   1   16  8   9   9   3   0   6   7   19
Villarreal CF:       28  18  8   4   6   25  21  14  8   4   2   2   15  7   14  10  4   2   4   10  14
SD Eibar:            27  18  8   3   7   24  30  17  9   5   2   2   17  10  10  9   3   1   5   7   20
Athletic Club:       24  18  6   6   6   20  19  13  9   3   4   2   7   5   11  9   3   2   4   13  14
CD Leganés:          24  17  7   3   7   13  14  14  8   4   2   2   7   6   10  9   3   1   5   6   8
Real Betis:          24  18  7   3   8   30  34  14  9   4   2   3   17  15  10  9   3   1   5   13  19
Getafe CF:           23  18  6   5   7   22  18  16  9   5   1   3   15  7   7   9   1   4   4   7   11
Real Sociedad:       23  18  6   5   7   31  30  12  9   3   3   3   19  17  11  9   3   2   4   12  13
Girona FC:           23  18  6   5   7   22  28  11  9   3   2   4   10  13  12  9   3   3   3   12  15
RCD Espanyol:        23  18  6   5   7   15  21  16  9   5   1   3   9   6   7   9   1   4   4   6   15
RC Celta:            22  18  6   4   8   32  27  12  9   3   3   3   13  12  10  9   3   1   5   19  15
Levante UD:          18  18  3   9   6   15  25  10  10  2   4   4   10  15  8   8   1   5   2   5   10
RC Deportivo:        16  18  4   4   10  20  35  10  9   3   1   5   10  16  6   9   1   3   5   10  19
D. Alavés:           15  18  5   0   13  13  27  9   9   3   0   6   7   13  6   9   2   0   7   6   14
Málaga CF:           11  18  3   2   13  13  32  8   9   2   2   5   9   15  3   9   1   0   8   4   17
UD Las Palmas:       11  18  3   2   13  14  40  7   9   2   1   6   9   21  4   9   1   1   7   5   19
